48.972829 -32.396878 34.952277 0 
45.049025 -30.687284 29.320731 1 
56.800775 -31.549513 30.515796 2 
40.683831 -43.419391 34.223361 3 
36.459951 -18.406435 37.769774 4 
38.579401 -26.551290 25.273540 5 
39.152529 -19.129030 25.516008 6 
52.510571 -44.905149 36.946367 7 
41.900738 -20.954694 28.844088 8 
53.375018 -37.120275 43.296175 9 
45.654625 -35.852872 15.818670 10 
40.906967 -13.837364 27.699153 11 
49.987917 -25.020627 30.929997 12 
40.272817 -42.591315 27.958594 13 
34.643011 -29.794062 29.574685 14 
