17.354856 57.623634 64.990662 0 
22.817196 82.815880 49.458912 1 
16.891991 69.576134 53.563480 2 
16.679211 54.438984 68.080307 3 
13.090179 80.589333 53.502716 4 
22.635815 86.343887 52.217445 5 
16.240160 86.981552 45.682175 6 
12.898167 72.988297 58.100536 7 
19.850479 77.339790 66.483582 8 
19.742163 93.789101 43.066322 9 
20.311426 78.829849 45.258362 10 
13.452404 61.060467 64.703392 11 
19.917883 76.773247 63.579544 12 
-3.486716 51.223049 61.231136 13 
16.353067 57.105392 74.117355 14 
