-29.034549 6.832183 27.751791 0 
-37.779884 10.464476 19.290531 1 
-37.350516 20.493598 24.027813 2 
-49.894169 13.418156 22.048093 3 
-39.554826 18.577863 21.691360 4 
-40.360045 16.366711 1.539507 5 
-47.147902 10.505604 5.692433 6 
-45.056512 21.266700 27.019226 7 
-41.324080 15.043510 13.527841 8 
-47.686565 11.878155 28.007236 9 
-45.083897 18.782640 19.702370 10 
-52.275061 19.044901 23.833551 11 
-29.707903 14.903499 14.598951 12 
-33.275589 22.314090 16.084040 13 
-48.841380 -1.453664 4.189417 14 
