-20.659657 9.478082 31.333002 0 
-30.574173 13.571116 24.263063 1 
-30.728785 24.362377 30.398331 2 
-44.161682 17.530720 26.911615 3 
-31.890495 21.849035 27.806698 4 
-34.499901 22.171009 7.645936 5 
-40.927265 16.280821 11.112512 6 
-37.372746 24.364023 32.401287 7 
-34.536129 20.191919 18.467045 8 
-40.791538 13.504890 33.216591 9 
-38.182144 21.745150 25.600031 10 
-46.377140 21.672514 29.737429 11 
-22.918362 19.824648 19.219158 12 
-27.406084 25.885221 22.596029 13 
-41.713802 4.334692 7.658560 14 
