14.774534 60.113650 61.441790 0 
22.581015 83.969776 44.324728 1 
16.794404 72.580271 49.932810 2 
14.470888 57.984529 65.243162 3 
13.892982 83.712881 49.949986 4 
23.904105 87.938992 46.769440 5 
16.621783 88.019676 42.430960 6 
13.140961 77.333174 54.584328 7 
20.141439 80.761885 59.805375 8 
22.980481 94.357212 38.207281 9 
19.929973 80.342428 41.109656 10 
10.765126 67.109869 63.101267 11 
19.289712 79.958067 57.190806 12 
-5.826888 59.852543 62.205531 13 
14.269547 60.903859 72.472235 14 
