50.164402 -31.719656 34.845306 0 
44.528484 -31.304113 29.970621 1 
56.646484 -32.192429 30.136812 2 
40.587074 -42.970226 33.901947 3 
37.145271 -17.201231 38.224102 4 
38.588314 -25.665966 26.952629 5 
39.928867 -18.632658 27.018957 6 
52.298435 -43.552158 36.666084 7 
44.635582 -18.341261 29.516733 8 
55.181541 -36.107349 42.652550 9 
43.974022 -35.051464 16.974234 10 
41.139153 -12.650558 28.925257 11 
52.827438 -22.853502 30.599707 12 
39.764179 -40.939442 28.439304 13 
35.677616 -28.521465 30.143658 14 
